 0.10 -0.115
 0.22 -0.117
 0.35 -0.116
 0.49 -0.114
 0.78 -0.116
 1.11 -0.116
 1.32 -0.116
 1.42 -0.116
 1.49 -0.116
 1.67 -0.116
 1.88 -0.115
 2.13 -0.116
 2.48 -0.111
 2.61 -0.117
 2.66 -0.116
 2.75 -0.117
 2.75 -0.113
 2.81 -0.114
 2.84 -0.115
 2.95 -0.114
 3.10 -0.114
 3.23 -0.115
 3.42 -0.113
 3.65 -0.113
 3.78 -0.116
 3.88 -0.115
 3.95 -0.118
 4.16 -0.117
 4.23 -0.115
 4.37 -0.116
 4.42 -0.119
 4.58 -0.119
 4.66 -0.12
 4.92 -0.121
 5.05 -0.12
 5.13 -0.119
 5.28 -0.121
 5.67 -0.119
 5.99 -0.119
 6.72 -0.12
 7.26 -0.118
 7.61 -0.118
 7.77 -0.118
 8.20 -0.119
 8.55 -0.116
 8.55 -0.117
 8.74 -0.117
 8.98 -0.115
 9.10 -0.117
 9.30 -0.119
 9.35 -0.119
 9.62 -0.116
 10.22 -0.108
 10.66 -0.081
 10.83 -0.067
 10.86 -0.065
 11.28 0.006
 11.66 0.065
 12.11 0.121
 12.57 0.165
 12.81 0.188
 13.05 0.205
 13.16 0.213
 13.45 0.23
 13.76 0.257
 13.90 0.264
 14.05 0.277
 14.42 0.296
 14.82 0.319
 15.10 0.333
 15.36 0.344
 15.49 0.35
 15.69 0.357
 16.04 0.378
 16.48 0.4
 16.66 0.41
 16.71 0.41
 16.92 0.418
 17.08 0.432
 17.18 0.435
 17.24 0.439
 17.62 0.464
 18.04 0.49
 18.56 0.522
 18.93 0.543
 19.21 0.561
 19.45 0.57
 19.74 0.587
 19.83 0.591
 20.05 0.599
 20.30 0.61
 20.55 0.619
 20.65 0.617
 20.77 0.618
 21.12 0.604
 21.47 0.585
 21.89 0.554
 22.20 0.525
 22.34 0.513
 22.61 0.49
 22.79 0.465
 23.11 0.431
 23.57 0.377
 23.77 0.358
 23.84 0.349
 23.95 0.334
 24.30 0.301
 24.51 0.284
 24.96 0.236
 24.98 0.232
 25.15 0.219
 25.32 0.202
 25.41 0.193
 25.76 0.16
 26.09 0.133
 26.24 0.12
 26.43 0.108
 26.78 0.082
 27.17 0.059
 27.57 0.044
 27.97 0.054
 28.30 0.095
 28.56 0.131
 28.84 0.178
 29.06 0.202
 29.25 0.226
 29.29 0.228
 29.29 0.233
 29.33 0.24
 29.76 0.276
 30.54 0.37
 31.03 0.432
 31.17 0.447
 31.29 0.465
 31.37 0.47
 31.51 0.485
 31.63 0.495
 31.65 0.501
 31.78 0.515
 32.10 0.549
 32.79 0.622
 33.20 0.664
 33.41 0.696
 33.66 0.726
 33.70 0.729
 33.74 0.731
 33.90 0.753
 34.02 0.76
 34.09 0.772
 34.18 0.782
 34.57 0.831
 35.00 0.892
 35.33 0.926
 35.64 0.972
 35.67 0.973
 35.84 0.992
 36.21 1.043
 36.64 1.096
 36.87 1.118
 36.94 1.124
 36.94 1.124
 37.13 1.148
 37.55 1.184
 38.24 1.223
 38.49 1.23
 38.72 1.237
 38.72 1.237
 38.71 1.234
 38.72 1.233
 38.75 1.232
 38.77 1.232
 38.96 1.235
 39.35 1.233
 39.46 1.228
 40.09 1.206
 40.58 1.18
 41.16 1.143
 41.42 1.121
 41.50 1.114
 41.69 1.101
 41.92 1.082
 42.06 1.068
 42.14 1.064
 42.32 1.043
 43.04 0.959
 43.45 0.908
 43.92 0.844
 44.17 0.814
 44.25 0.804
 44.26 0.803
 44.29 0.801
 44.37 0.791
 44.49 0.781
 44.55 0.773
 44.59 0.763
 45.06 0.731
 46.10 0.703
 46.47 0.681
 46.88 0.672
 46.90 0.678
 46.90 0.683
 46.91 0.686
 46.91 0.691
 46.90 0.696
 46.91 0.697
 46.96 0.702
 47.22 0.714
 47.78 0.725
 48.22 0.733
 48.46 0.741
 48.77 0.754
 48.85 0.762
 48.93 0.769
 49.03 0.777
 49.14 0.788
 49.19 0.789
 49.30 0.799
 49.66 0.82
 50.25 0.867
 50.89 0.923
 51.81 1.024
 51.83 1.031
 51.86 1.037
 52.07 1.064
 52.31 1.098
 52.37 1.112
 52.52 1.125
 52.70 1.155
 53.05 1.206
 53.64 1.285
 54.13 1.357
 54.32 1.375
 54.55 1.401
 54.64 1.417
 54.66 1.414
 54.64 1.412
 54.68 1.419
 54.64 1.418
 54.65 1.423
 54.71 1.427
 54.72 1.431
 55.00 1.462
 55.43 1.516
 56.07 1.573
 56.61 1.614
 56.78 1.624
 57.17 1.647
 57.38 1.658
 57.37 1.658
 57.42 1.661
 57.42 1.662
 57.42 1.663
 57.42 1.663
 57.45 1.664
 57.71 1.673
 58.10 1.685
 58.11 1.683
 58.48 1.692
 58.78 1.688
 59.36 1.687
 59.56 1.683
 59.65 1.68
 59.76 1.676
 59.88 1.676
 59.89 1.673
 59.99 1.671
 60.39 1.665
 61.32 1.662
 61.38 1.659
 61.88 1.638
 61.95 1.64
 62.03 1.632
 62.25 1.626
 62.49 1.623
 62.90 1.622
 63.23 1.615
 63.36 1.611
 63.46 1.616
 63.48 1.613
 63.56 1.611
 64.04 1.6
 64.56 1.591
 65.09 1.583
 65.47 1.584
 65.46 1.587
 65.46 1.59
 65.44 1.593
 65.47 1.592
 65.47 1.598
 65.47 1.602
 65.47 1.604
 65.50 1.605
 65.71 1.605
 66.24 1.604
 66.81 1.612
 67.51 1.621
 67.58 1.628
 67.77 1.636
 67.94 1.644
 68.14 1.651
 68.27 1.664
 68.36 1.669
 68.49 1.677
 68.78 1.691
 69.14 1.711
 69.50 1.733
 69.70 1.746
 70.03 1.768
 70.34 1.789
 70.83 1.825
 70.86 1.832
 70.86 1.832
 70.89 1.841
 70.88 1.842
 71.07 1.858
 71.33 1.881
 72.15 1.944
 72.75 1.993
 73.20 2.027
 73.42 2.046
 73.48 2.059
 73.74 2.077
 74.29 2.122
 74.50 2.14
 74.67 2.154
 74.78 2.17
 75.14 2.196
 75.16 2.198
 75.67 2.234
 75.73 2.24
 75.76 2.245
 75.81 2.253
 75.85 2.255
 75.92 2.262
 76.02 2.27
 76.19 2.284
 76.37 2.296
 76.65 2.315
 77.03 2.346
 77.36 2.368
 77.76 2.395
 77.75 2.398
 77.80 2.401
 78.09 2.417
 78.24 2.427
 78.30 2.43
 78.53 2.447
 78.82 2.465
 79.15 2.487
 79.57 2.511
 79.61 2.515
 79.63 2.519
 79.70 2.523
 80.07 2.542
 80.59 2.569
 80.72 2.577
 80.97 2.595
 80.98 2.596
 81.31 2.611
 81.62 2.627
 81.91 2.642
 81.96 2.652
 82.09 2.655
 82.27 2.665
 82.33 2.668
 82.35 2.672
 82.34 2.675
 82.45 2.681
 82.73 2.694
 83.13 2.716
 83.70 2.742
 83.84 2.748
 84.12 2.767
 84.17 2.774
 84.36 2.784
 84.61 2.8
 84.74 2.806
 84.72 2.807
 84.71 2.808
 84.85 2.818
 85.10 2.833
 85.43 2.855
 85.80 2.877
 85.91 2.886
 85.93 2.887
 85.97 2.891
 85.95 2.893
 85.97 2.897
 86.13 2.908
 86.39 2.926
 86.49 2.936
 87.23 2.981
 87.61 3.009
 87.73 3.019
 87.97 3.04
 88.05 3.047
 88.32 3.069
 88.49 3.084
 88.58 3.09
 88.73 3.109
 88.73 3.107
 88.70 3.11
 88.71 3.111
 88.70 3.115
 88.70 3.117
 88.70 3.117
 88.70 3.123
 88.70 3.125
 88.70 3.133
 88.70 3.133
 88.69 3.131
 88.69 3.132
 88.69 3.139
 88.68 3.141
