 1.10 0.153
 1.26 0.182
 1.40 0.235
 1.53 0.251
 1.68 0.27
 1.81 0.27
 1.96 0.251
 2.09 0.227
 2.23 0.196
 2.36 0.193
 2.52 0.187
 2.69 0.194
 2.84 0.163
 2.94 0.208
 3.08 0.229
 3.24 0.249
 3.35 0.266
 3.51 0.288
 3.64 0.315
 3.79 0.335
 3.94 0.389
 4.06 0.405
 4.21 0.446
 4.36 0.472
 4.51 0.519
 4.63 0.568
 4.77 0.619
 4.91 0.67
 5.06 0.731
 5.16 0.8
 5.34 0.871
 5.49 0.942
 5.64 1.021
 5.74 1.113
 5.90 1.205
 6.04 1.294
 6.21 1.392
 6.33 1.46
 6.44 1.483
 6.56 1.429
 6.74 1.288
 6.88 1.102
 7.05 0.935
 7.18 0.813
 7.30 0.731
 7.41 0.693
 7.59 0.67
 7.72 0.671
 7.86 0.689
 8.02 0.717
 8.14 0.74
 8.30 0.789
 8.42 0.838
 8.58 0.898
 8.71 0.963
 8.85 1.05
 8.99 1.134
 9.14 1.234
 9.26 1.337
 9.37 1.461
 9.54 1.59
 9.67 1.72
 9.84 1.865
 9.92 2.036
 10.11 2.202
 10.24 2.377
 10.39 2.579
 10.51 2.781
 10.68 2.998
 10.80 3.215
 10.92 3.434
 11.08 3.599
 11.22 3.685
 11.35 3.624
 11.47 3.374
 11.63 2.966
 11.78 2.512
 11.90 2.106
 12.08 1.81
 12.19 1.589
 12.35 1.441
 12.48 1.343
 12.59 1.301
 12.75 1.295
 12.89 1.316
 13.05 1.373
 13.17 1.444
 13.30 1.536
 13.44 1.655
 13.58 1.786
 13.71 1.926
 13.83 2.1
 14.00 2.28
 14.15 2.475
 14.30 2.68
 14.44 2.916
 14.55 3.188
 14.69 3.459
 14.83 3.757
 14.97 4.059
 15.09 4.395
 15.26 4.746
 15.37 5.103
 15.54 5.492
 15.66 5.876
 15.81 6.229
 15.96 6.528
 16.10 6.669
 16.23 6.582
 16.38 6.264
 16.50 5.686
 16.65 5.028
 16.79 4.419
 16.93 3.886
 17.06 3.412
 17.19 2.986
 17.33 2.645
 17.48 2.416
 17.64 2.28
 17.76 2.222
 17.88 2.213
 18.02 2.263
 18.17 2.36
 18.31 2.495
 18.45 2.67
 18.59 2.864
 18.73 3.096
 18.85 3.356
 19.00 3.65
 19.13 3.935
 19.28 4.3
 19.42 4.66
 19.56 5.047
 19.68 5.479
 19.85 5.924
 19.96 6.384
 20.10 6.89
 20.24 7.414
 20.37 7.952
 20.52 8.485
 20.68 9.014
 20.77 9.455
 20.94 9.743
 21.09 9.82
 21.21 9.608
 21.36 9.175
 21.48 8.606
 21.64 7.98
 21.74 7.329
 21.91 6.63
 22.05 5.913
 22.19 5.267
 22.33 4.745
 22.46 4.346
 22.60 4.043
 22.74 3.808
 22.85 3.682
 23.02 3.649
 23.15 3.702
 23.29 3.794
 23.44 3.946
 23.58 4.152
 23.71 4.42
 23.82 4.733
 23.97 5.072
