 1.28 0.365
 1.38 0.382
 1.53 0.402
 1.67 0.423
 1.83 0.436
 1.96 0.44
 2.10 0.437
 2.24 0.434
 2.38 0.445
 2.52 0.449
 2.68 0.455
 2.76 0.441
 2.92 0.467
 3.08 0.467
 3.23 0.473
 3.35 0.483
 3.49 0.492
 3.65 0.498
 3.78 0.503
 3.92 0.509
 4.04 0.515
 4.20 0.522
 4.33 0.53
 4.47 0.537
 4.61 0.549
 4.75 0.563
 4.90 0.578
 5.01 0.598
 5.17 0.617
 5.32 0.645
 5.40 0.673
 5.57 0.706
 5.72 0.737
 5.87 0.767
 6.03 0.819
 6.17 0.874
 6.28 0.898
 6.42 0.932
 6.57 0.96
 6.74 0.96
 6.83 0.93
 6.97 0.883
 7.11 0.834
 7.24 0.797
 7.41 0.773
 7.54 0.767
 7.71 0.761
 7.80 0.754
 7.97 0.756
 8.09 0.76
 8.24 0.759
 8.36 0.742
 8.50 0.765
 8.66 0.774
 8.77 0.735
 8.93 0.79
 9.06 0.795
 9.20 0.805
 9.35 0.832
 9.47 0.832
 9.60 0.856
 9.75 0.883
 9.87 0.927
 10.04 0.974
 10.15 1.029
 10.32 1.09
 10.46 1.162
 10.60 1.25
 10.73 1.341
 10.87 1.448
 11.00 1.546
 11.14 1.644
 11.28 1.72
 11.43 1.752
 11.59 1.726
 11.66 1.642
 11.81 1.521
 11.98 1.398
 12.10 1.303
 12.26 1.229
 12.41 0.778
 12.54 1.117
 12.68 1.079
 12.81 1.052
 12.95 1.033
 13.08 1.019
 13.22 1.012
 13.35 1.012
 13.51 1.01
 13.64 1.009
 13.80 1.012
 13.87 1.018
 14.00 1.042
 14.15 1.049
 14.29 1.077
 14.44 1.121
 14.59 1.168
 14.73 1.235
 14.89 1.444
 15.00 1.404
 15.18 1.516
 15.28 1.652
 15.40 1.798
 15.56 1.964
 15.70 2.137
 15.81 2.313
 15.98 2.479
 16.12 2.615
 16.26 2.685
 16.39 2.678
 16.54 2.583
 16.67 2.428
 16.80 2.245
 16.94 2.071
 17.09 1.913
 17.22 1.765
 17.33 1.645
 17.47 1.536
 17.68 1.446
 17.81 1.388
 17.94 1.744
 18.07 1.43
 18.19 1.138
 18.32 1.243
 18.48 1.232
 18.61 1.225
 18.76 1.221
 18.88 1.223
 19.05 1.23
 19.18 1.25
 19.28 1.289
 19.44 1.344
 19.59 1.408
 19.72 1.505
 19.79 1.615
 19.97 1.729
 20.18 1.91
 20.28 2.094
 20.41 2.297
 20.54 2.537
 20.67 2.774
 20.82 3.028
 20.97 3.224
 21.10 3.367
 21.22 3.449
 21.37 3.443
 21.48 3.356
 21.68 3.227
 21.80 3.061
 21.93 2.873
 22.06 2.67
 22.22 2.464
 22.35 2.245
 22.48 2.071
 22.65 1.921
 22.72 1.797
 22.90 1.687
 23.05 1.595
 23.16 1.515
 23.30 1.462
 23.43 1.42
 23.58 1.401
 23.73 1.381
 23.83 1.377
 24.02 1.38
 24.14 1.398
 24.27 1.432
 24.43 1.497
 24.55 1.573
 24.66 1.674
 24.78 1.815
 24.95 1.973
 25.10 2.154
 25.25 2.377
 25.36 2.605
 25.50 2.851
