 -0.01 -0.201
 -0.02 -0.201
 0.14 -0.202
 0.25 -0.201
 0.37 -0.2
 0.48 -0.201
 0.62 -0.196
 0.76 -0.196
 0.85 -0.195
 0.95 -0.199
 1.04 -0.197
 1.10 -0.198
 1.23 -0.197
 1.33 -0.195
 1.53 -0.196
 1.71 -0.194
 1.84 -0.191
 1.99 -0.193
 2.06 -0.196
 2.11 -0.194
 2.24 -0.196
 2.36 -0.193
 2.51 -0.192
 2.56 -0.194
 2.63 -0.197
 2.75 -0.197
 2.85 -0.195
 3.00 -0.197
 3.30 -0.195
 3.52 -0.195
 3.58 -0.195
 3.74 -0.193
 3.82 -0.196
 3.89 -0.194
 3.98 -0.192
 4.04 -0.191
 4.13 -0.19
 4.21 -0.193
 4.25 -0.193
 4.40 -0.193
 4.45 -0.196
 4.62 -0.194
 4.68 -0.195
 4.68 -0.195
 4.69 -0.195
 4.69 -0.195
 4.75 -0.194
 4.99 -0.2
 5.13 -0.197
 5.28 -0.2
 5.37 -0.199
 5.37 -0.197
 5.45 -0.198
 5.63 -0.199
 5.79 -0.199
 5.90 -0.195
 6.03 -0.194
 6.20 -0.196
 6.39 -0.195
 6.47 -0.197
 6.59 -0.199
 6.75 -0.2
 6.83 -0.198
 6.87 -0.195
 6.97 -0.199
 7.15 -0.2
 7.41 -0.195
 7.43 -0.198
 7.57 -0.197
 7.67 -0.197
 7.83 -0.195
 8.12 -0.185
 8.46 -0.152
 8.52 -0.139
 8.65 -0.112
 8.74 -0.086
 8.81 -0.072
 9.04 -0.003
 9.31 0.07
 9.41 0.093
 9.50 0.098
 9.68 0.14
 9.77 0.154
 9.88 0.172
 10.06 0.2
 10.08 0.203
 10.09 0.201
 10.23 0.215
 10.41 0.234
 10.58 0.25
 10.63 0.254
 10.76 0.259
 10.92 0.273
 11.02 0.277
 11.19 0.287
 11.32 0.299
 11.32 0.292
 11.39 0.295
 11.44 0.297
 11.62 0.307
 11.96 0.337
 11.98 0.34
 12.24 0.362
 12.31 0.366
 12.43 0.374
 12.56 0.382
 12.69 0.383
 12.86 0.398
 12.95 0.406
 13.11 0.417
 13.19 0.416
 13.26 0.42
 13.48 0.436
 13.58 0.442
 13.74 0.451
 13.77 0.453
 13.87 0.457
 14.02 0.463
 14.20 0.476
 14.37 0.486
 14.54 0.498
 14.76 0.511
 14.95 0.524
 15.28 0.552
 15.47 0.565
 15.56 0.575
 15.68 0.583
 15.84 0.596
 15.97 0.605
 16.04 0.611
 16.15 0.618
 16.23 0.628
 16.36 0.636
 16.53 0.649
 16.60 0.655
 16.70 0.659
 16.79 0.67
 17.20 0.698
 17.37 0.714
 17.48 0.725
 17.75 0.742
 17.96 0.754
 18.24 0.771
 18.40 0.777
 18.51 0.783
 18.64 0.788
 18.66 0.79
 18.84 0.797
 18.91 0.799
 19.14 0.807
 19.36 0.801
 19.46 0.797
 19.53 0.794
 19.52 0.791
 19.61 0.789
 19.97 0.758
 20.48 0.711
 20.72 0.675
 21.15 0.618
 21.47 0.576
 21.60 0.558
 21.75 0.54
 21.88 0.523
 21.98 0.51
 22.10 0.493
 22.19 0.482
 22.30 0.462
 22.42 0.446
 22.54 0.43
 22.66 0.42
 22.78 0.404
 22.89 0.394
 23.09 0.374
 23.37 0.335
 23.69 0.294
 23.95 0.266
 24.21 0.241
 24.32 0.223
 24.50 0.212
 24.66 0.192
 24.80 0.177
 24.92 0.168
 24.93 0.167
 25.07 0.15
 25.21 0.138
 25.38 0.12
 25.42 0.118
 25.52 0.107
 25.67 0.096
 25.76 0.088
 26.09 0.063
 26.32 0.056
 26.51 0.055
 26.72 0.046
 27.18 0.1
 27.48 0.161
 27.56 0.193
 27.64 0.202
 27.64 0.211
 27.69 0.23
 27.81 0.247
 27.90 0.269
 27.96 0.301
 27.98 0.307
 28.04 0.314
 28.20 0.334
 28.65 0.386
 29.09 0.442
 29.26 0.469
 29.62 0.526
 29.91 0.568
 30.00 0.579
 30.18 0.599
 30.21 0.6
 30.24 0.602
 30.32 0.614
 30.45 0.63
 30.51 0.636
 30.53 0.632
 30.59 0.641
 30.66 0.648
 30.86 0.668
 31.63 0.77
 31.94 0.816
 32.27 0.858
 32.42 0.874
 32.64 0.907
 32.84 0.933
 32.99 0.95
 33.02 0.956
 33.10 0.964
 33.32 0.992
 33.47 1.017
 33.69 1.052
 33.71 1.051
 33.88 1.077
 33.99 1.093
 34.48 1.177
 34.82 1.239
 35.03 1.268
 35.21 1.295
 35.38 1.319
 35.54 1.343
 35.55 1.345
 35.56 1.341
 35.56 1.339
 35.62 1.341
 35.70 1.354
 35.73 1.348
 35.82 1.362
 36.04 1.401
 36.48 1.465
 36.78 1.509
 37.22 1.54
 37.39 1.553
 37.50 1.554
 37.68 1.563
 37.76 1.563
 37.78 1.559
 37.86 1.561
 37.90 1.563
 38.05 1.567
 38.13 1.564
 38.24 1.563
 38.43 1.567
 38.58 1.565
 38.99 1.557
 39.39 1.536
 39.54 1.522
 39.66 1.517
 39.87 1.501
 40.08 1.491
 40.30 1.466
 40.42 1.454
 40.48 1.45
 40.61 1.437
 40.76 1.422
 40.94 1.405
 40.98 1.401
 41.00 1.4
 41.13 1.381
 41.54 1.337
 41.94 1.283
 42.23 1.249
 42.45 1.201
 42.67 1.177
 42.90 1.137
 43.08 1.107
 43.22 1.086
 43.42 1.051
 43.49 1.045
 43.50 1.04
 43.69 1.007
 43.77 0.993
 44.02 0.963
 44.21 0.94
 44.33 0.928
 44.42 0.927
 44.62 0.923
 44.96 0.918
 45.26 0.909
 45.61 0.891
 45.85 0.88
 46.15 0.864
 46.40 0.868
 46.58 0.871
 46.76 0.885
 46.92 0.89
 47.00 0.894
 47.10 0.899
 47.31 0.908
 47.42 0.911
 47.49 0.91
 47.51 0.914
 47.56 0.918
 47.65 0.927
 47.69 0.929
 47.69 0.932
 47.69 0.936
 47.69 0.939
 48.03 0.956
 48.36 0.971
 48.63 0.984
 49.05 1.015
 49.22 1.029
 49.41 1.046
 49.45 1.052
 49.48 1.057
 49.59 1.07
 49.65 1.079
 49.74 1.086
 49.77 1.097
 49.91 1.108
 50.18 1.14
 50.24 1.142
 50.23 1.145
 50.33 1.159
 50.46 1.176
 50.51 1.177
 50.76 1.215
 50.96 1.236
 51.42 1.297
 51.74 1.343
 52.00 1.378
 52.15 1.405
 52.19 1.404
 52.19 1.407
 52.20 1.405
 52.22 1.406
 52.34 1.422
 52.46 1.449
 52.53 1.448
 52.77 1.494
 52.93 1.516
 53.68 1.64
 53.97 1.683
 54.26 1.727
 54.64 1.78
 54.66 1.779
 54.84 1.801
 54.98 1.816
 55.05 1.82
 55.31 1.856
 55.53 1.882
 55.66 1.898
 56.02 1.945
 56.16 1.95
 56.27 1.971
 56.33 1.974
 56.51 1.987
 57.04 2.031
 57.34 2.058
 57.79 2.08
 58.26 2.101
 58.40 2.107
 58.55 2.109
 58.62 2.111
 58.84 2.123
 59.34 2.122
 59.57 2.123
 59.86 2.117
 60.08 2.116
 60.16 2.118
 60.29 2.114
 60.41 2.112
 61.09 2.097
 61.59 2.101
 61.91 2.098
 62.23 2.086
 62.33 2.084
 62.56 2.068
 62.72 2.068
 62.75 2.068
 62.75 2.072
 62.75 2.076
 62.74 2.077
 62.76 2.081
 62.84 2.082
 63.09 2.075
 63.44 2.076
 63.96 2.06
 64.37 2.043
 64.48 2.044
 64.76 2.038
 65.24 2.027
 65.38 2.033
 65.70 2.029
 66.69 2.009
 66.71 2.015
 66.90 2.019
 67.33 2.026
 67.73 2.03
 68.13 2.044
 68.38 2.05
 68.49 2.058
 68.65 2.066
 68.74 2.079
 68.76 2.077
 68.81 2.078
 69.23 2.099
 69.36 2.11
 69.74 2.128
 70.02 2.153
 70.01 2.155
 70.09 2.163
 70.38 2.182
 70.57 2.197
 70.70 2.21
 70.85 2.224
 71.17 2.25
 71.65 2.288
 72.05 2.321
 72.30 2.349
 72.33 2.356
 72.34 2.352
 72.53 2.372
 72.85 2.4
 73.02 2.421
 73.68 2.488
 74.31 2.546
 74.95 2.602
 75.17 2.629
 75.43 2.651
 75.58 2.667
 75.86 2.697
 76.26 2.731
 76.61 2.766
 76.92 2.791
 77.05 2.802
 77.27 2.828
 77.49 2.844
 78.35 2.921
 78.74 2.947
 79.08 2.969
 79.44 2.995
 79.47 3.005
 79.75 3.029
 80.28 3.066
 80.93 3.106
 81.30 3.129
 81.49 3.143
 81.56 3.149
 81.55 3.148
 81.61 3.16
 81.92 3.182
 82.50 3.21
 83.05 3.244
 83.69 3.274
 83.79 3.284
 84.06 3.303
 84.37 3.318
 84.49 3.326
 84.79 3.347
 84.97 3.355
 85.05 3.364
 85.09 3.371
 85.20 3.381
 85.35 3.394
 85.97 3.43
 86.20 3.449
 86.82 3.489
 87.22 3.517
 87.49 3.535
 87.86 3.566
 87.91 3.58
 88.09 3.595
 88.23 3.612
 88.40 3.626
 88.66 3.653
 88.96 3.678
 88.95 3.683
 88.95 3.687
 88.95 3.693
 88.94 3.696
 88.95 3.698
 88.94 3.705
 88.93 3.715
 88.94 3.721
 88.93 3.721
 88.93 3.722
 88.94 3.727
 88.92 3.733
 88.93 3.737
 88.92 3.739
 88.92 3.746
 88.92 3.745
 88.91 3.751
 88.91 3.754
 88.92 3.756
 88.91 3.76
 88.91 3.765
 88.91 3.765
 88.91 3.767
 88.90 3.773
 88.91 3.774
 88.92 3.782
 88.92 3.778
 88.91 3.787
 88.92 3.793
 88.92 3.789
 88.91 3.788
 88.92 3.793
 88.92 3.796
 88.92 3.801
 88.92 3.801
 88.92 3.802
 88.92 3.806
 88.92 3.809
 88.91 3.809
 88.93 3.813
 88.91 3.816
 88.92 3.814
 88.92 3.821
 88.92 3.821
 88.92 3.824
 88.92 3.823
 88.91 3.825
 88.91 3.83
 88.91 3.83
 88.91 3.834
 88.90 3.835
 88.90 3.837
 88.91 3.837
 88.90 3.84
 88.90 3.839
 88.89 3.845
 88.89 3.845
 88.90 3.845
 88.90 3.852
 88.90 3.852
 88.91 3.858
 88.91 3.858
 88.91 3.857
 88.92 3.86
 88.91 3.865
 88.87 3.869
 88.92 3.867
 88.92 3.872
 88.92 3.874
 88.93 3.876
 88.92 3.873
 88.92 3.877
 88.95 3.879
 88.92 3.883
 88.92 3.884
 88.92 3.889
 88.89 3.89
 88.93 3.895
 88.92 3.892
 88.88 3.902
 88.93 3.895
 88.93 3.9
 88.93 3.904
 88.93 3.904
 88.93 3.906
 88.93 3.905
 88.72 3.888
 88.74 3.894
 88.93 3.908
 88.93 3.908
 88.94 3.913
 88.93 3.913
