 0.01 -0.435
 0.02 -0.436
 0.08 -0.431
 0.19 -0.429
 0.27 -0.428
 0.37 -0.432
 0.49 -0.433
 0.64 -0.433
 0.74 -0.442
 0.84 -0.447
 0.94 -0.443
 1.07 -0.435
 1.24 -0.434
 1.43 -0.432
 1.58 -0.434
 1.65 -0.433
 1.81 -0.434
 1.96 -0.432
 2.04 -0.434
 2.13 -0.429
 2.23 -0.433
 2.38 -0.435
 2.43 -0.436
 2.52 -0.433
 2.66 -0.434
 2.70 -0.437
 2.82 -0.439
 2.94 -0.437
 3.01 -0.439
 3.01 -0.44
 3.01 -0.441
 3.00 -0.446
 3.13 -0.445
 3.30 -0.442
 3.42 -0.439
 3.58 -0.444
 3.72 -0.436
 3.91 -0.443
 4.01 -0.44
 4.10 -0.444
 4.27 -0.447
 4.41 -0.448
 4.50 -0.442
 4.59 -0.44
 4.91 -0.44
 5.33 -0.444
 5.46 -0.443
 5.51 -0.438
 5.75 -0.436
 6.02 -0.439
 6.01 -0.434
 6.02 -0.439
 6.06 -0.435
 6.20 -0.435
 6.33 -0.437
 6.52 -0.433
 6.72 -0.436
 6.89 -0.434
 6.98 -0.437
 7.00 -0.43
 7.15 -0.435
 7.25 -0.431
 7.47 -0.44
 7.75 -0.439
 7.96 -0.436
 8.15 -0.435
 8.29 -0.439
 8.49 -0.437
 8.60 -0.437
 8.67 -0.436
 8.93 -0.435
 9.06 -0.44
 9.18 -0.434
 9.26 -0.43
 9.36 -0.431
 9.52 -0.43
 9.64 -0.431
 9.80 -0.427
 9.96 -0.42
 10.23 -0.41
 10.49 -0.374
 10.53 -0.367
 10.57 -0.354
 10.59 -0.361
 10.60 -0.353
 10.67 -0.345
 10.83 -0.283
 11.02 -0.239
 11.22 -0.131
 11.31 -0.114
 11.48 -0.011
 11.75 0.111
 11.97 0.189
 12.15 0.253
 12.38 0.302
 12.56 0.355
 12.72 0.391
 12.90 0.426
 13.20 0.478
 13.37 0.503
 13.47 0.527
 13.61 0.553
 13.76 0.576
 13.88 0.591
 13.96 0.594
 14.24 0.659
 14.45 0.695
 14.61 0.721
 14.83 0.755
 14.94 0.772
 15.01 0.791
 15.02 0.777
 15.04 0.782
 15.08 0.787
 15.20 0.806
 15.40 0.84
 15.73 0.881
 15.94 0.917
 16.05 0.932
 16.33 0.982
 16.57 1.015
 16.94 1.086
 17.07 1.109
 17.23 1.13
 17.51 1.18
 17.70 1.212
 17.86 1.238
 18.10 1.271
 18.31 1.307
 18.71 1.367
 18.95 1.409
 18.97 1.407
 19.08 1.417
 19.29 1.444
 19.54 1.478
 19.83 1.512
 20.16 1.545
 20.22 1.549
 20.23 1.556
 20.32 1.571
 20.54 1.58
 20.73 1.577
 20.88 1.562
 21.41 1.495
 21.42 1.486
 21.71 1.443
 21.85 1.411
 21.94 1.381
 22.14 1.335
 22.47 1.257
 22.62 1.209
 22.69 1.196
 22.93 1.13
 23.25 1.029
 23.60 0.926
 23.73 0.86
 23.80 0.861
 23.94 0.816
 24.00 0.794
 24.18 0.75
 24.35 0.696
 24.48 0.651
 24.67 0.611
 24.80 0.564
 25.00 0.53
 25.18 0.477
 25.43 0.412
 25.67 0.357
 25.83 0.327
 25.93 0.299
 26.12 0.263
 26.24 0.232
 26.50 0.18
 26.73 0.125
 27.02 0.08
 27.44 0.042
 27.53 0.032
 27.53 0.028
 27.63 0.036
 27.66 0.038
 27.82 0.059
 28.07 0.136
 28.23 0.209
 28.46 0.33
 28.70 0.434
 29.14 0.577
 29.57 0.658
 29.73 0.71
 29.85 0.753
 30.06 0.813
 30.25 0.893
 30.24 0.89
 30.48 0.967
 30.75 1.073
 30.81 1.091
 31.19 1.194
 31.25 1.228
 31.34 1.244
 31.49 1.295
 31.70 1.342
 31.75 1.361
 31.81 1.389
 31.98 1.435
 32.21 1.501
 32.33 1.537
 32.49 1.588
 32.58 1.619
 32.59 1.615
 32.85 1.689
 33.12 1.772
 33.25 1.809
 33.65 1.959
 34.04 2.09
 34.04 2.086
 34.16 2.124
 34.20 2.129
 34.24 2.153
 34.42 2.197
 34.74 2.326
 35.07 2.438
 35.28 2.515
 35.40 2.554
 35.69 2.655
 35.97 2.752
 36.34 2.899
 36.63 2.991
 37.19 3.158
 37.39 3.221
 37.47 3.236
 37.66 3.276
 37.81 3.29
 37.89 3.294
 38.05 3.314
 38.37 3.348
 38.68 3.368
 38.79 3.365
 38.95 3.37
 39.34 3.363
 39.49 3.35
 39.86 3.307
 40.19 3.26
 40.79 3.157
 40.84 3.154
 40.83 3.146
 41.04 3.108
 41.28 3.045
 41.76 2.923
 41.95 2.87
 42.05 2.826
 42.16 2.808
 42.25 2.779
 42.30 2.768
 42.50 2.703
 42.83 2.588
 42.99 2.509
 43.37 2.386
 43.55 2.313
 43.70 2.253
 43.95 2.152
 44.13 2.108
 44.40 2.02
 44.61 1.976
 44.72 1.968
 44.89 1.962
 45.09 1.955
 45.11 1.963
 45.50 1.942
 45.68 1.934
 45.88 1.911
 46.14 1.872
 46.36 1.855
 46.49 1.857
 46.67 1.875
 46.90 1.885
 46.89 1.896
 46.94 1.914
 47.12 1.933
 47.26 1.952
 47.59 1.969
 47.86 1.985
 47.89 1.997
 48.40 2.038
 48.57 2.064
 48.80 2.094
 49.12 2.143
 49.49 2.2
 49.66 2.238
 49.78 2.269
 49.98 2.326
 50.16 2.368
 50.23 2.392
 50.30 2.403
 50.47 2.461
 50.67 2.507
 50.88 2.581
 51.13 2.651
 51.56 2.775
 51.90 2.893
 52.20 2.985
 52.24 3.013
 52.58 3.131
 52.84 3.217
 53.03 3.327
 53.39 3.43
 53.67 3.544
 53.96 3.648
 54.60 3.861
 54.84 3.946
 54.92 3.953
 55.17 4.033
 55.46 4.109
 55.51 4.123
 55.83 4.203
 56.29 4.302
 56.58 4.356
 56.84 4.404
 56.90 4.407
 56.90 4.396
 56.89 4.387
 56.88 4.382
 56.91 4.381
 57.15 4.429
 57.38 4.458
 57.64 4.488
 58.20 4.537
 58.89 4.587
 58.97 4.583
 59.02 4.584
 59.27 4.585
 59.48 4.583
 59.53 4.585
 59.93 4.569
 59.96 4.569
 60.37 4.55
 60.66 4.529
 60.88 4.519
 60.89 4.521
 60.89 4.528
 61.09 4.538
 61.35 4.541
 61.62 4.536
 62.31 4.475
 62.83 4.426
 63.18 4.419
 63.55 4.417
 63.88 4.398
 63.99 4.399
 64.19 4.387
 64.95 4.341
 65.57 4.32
 65.75 4.321
 65.96 4.32
 66.17 4.329
 66.50 4.329
 66.64 4.335
 66.88 4.346
 67.43 4.356
 67.89 4.379
 67.99 4.396
 68.16 4.418
 68.34 4.444
 68.55 4.468
 68.68 4.494
 68.95 4.53
 69.48 4.599
 69.78 4.653
 70.11 4.704
 70.10 4.717
 70.10 4.735
 70.13 4.753
 70.44 4.813
 70.70 4.854
 70.93 4.901
 71.42 5.003
 71.90 5.093
 72.06 5.135
 72.39 5.21
 72.77 5.301
 72.90 5.333
 73.05 5.367
 73.25 5.416
 73.67 5.516
 73.87 5.554
 74.48 5.686
 74.68 5.729
 74.75 5.756
 74.86 5.782
 75.00 5.808
 75.18 5.855
 75.37 5.886
 75.57 5.944
 76.02 6.037
 76.47 6.119
 77.06 6.229
 77.43 6.297
 77.75 6.379
 78.11 6.443
 78.34 6.483
 79.05 6.586
 79.65 6.69
 79.78 6.715
 80.06 6.762
 80.38 6.805
 80.70 6.85
 81.10 6.917
 81.45 6.956
 81.97 7.021
 82.40 7.076
 82.55 7.107
 82.64 7.129
 82.78 7.148
 83.23 7.213
 83.40 7.243
 84.09 7.324
 84.17 7.345
 84.32 7.371
 84.42 7.392
 84.44 7.406
 84.67 7.436
 85.09 7.493
 85.88 7.601
 86.66 7.706
 86.83 7.743
 86.89 7.757
 87.03 7.797
 87.37 7.851
 88.10 7.962
 88.57 8.053
 89.08 8.141
 89.05 8.15
 89.06 8.163
 89.04 8.176
 89.03 8.182
 89.03 8.194
 89.03 8.195
 89.02 8.202
 89.01 8.209
 89.01 8.226
 89.01 8.233
 88.98 8.24
 89.00 8.254
 89.00 8.26
 89.00 8.259
 89.00 8.28
 89.00 8.283
 89.00 8.281
 88.99 8.289
 89.00 8.29
 89.00 8.303
 88.99 8.315
 88.99 8.315
 88.99 8.328
 88.99 8.321
 88.99 8.331
 88.99 8.335
