 0.06 -0.09
 0.07 -0.093
 0.06 -0.094
 0.11 -0.094
 0.16 -0.092
 0.32 -0.094
 0.43 -0.093
 0.59 -0.094
 0.63 -0.095
 0.75 -0.091
 0.91 -0.094
 1.25 -0.096
 1.54 -0.093
 1.76 -0.094
 1.86 -0.094
 2.10 -0.092
 2.52 -0.091
 2.75 -0.094
 2.93 -0.094
 3.08 -0.093
 3.15 -0.095
 3.26 -0.095
 3.48 -0.092
 3.75 -0.094
 3.79 -0.093
 4.09 -0.092
 4.33 -0.095
 4.80 -0.094
 5.18 -0.093
 5.58 -0.094
 5.84 -0.094
 6.18 -0.097
 6.54 -0.097
 6.66 -0.098
 6.89 -0.094
 7.27 -0.095
 7.43 -0.093
 7.48 -0.094
 7.58 -0.095
 7.62 -0.092
 7.72 -0.089
 7.81 -0.089
 8.10 -0.081
 8.37 -0.066
 8.98 0.002
 9.58 0.076
 9.92 0.1
 10.17 0.12
 10.38 0.135
 10.58 0.148
 10.81 0.163
 11.27 0.192
 11.84 0.223
 11.92 0.227
 12.01 0.229
 12.34 0.243
 12.67 0.258
 12.74 0.259
 12.74 0.26
 12.84 0.265
 13.28 0.279
 14.28 0.319
 14.85 0.348
 15.24 0.365
 15.62 0.386
 15.62 0.384
 15.72 0.389
 16.05 0.405
 16.16 0.409
 16.34 0.417
 16.37 0.416
 16.77 0.435
 17.10 0.447
 17.22 0.452
 17.36 0.456
 17.53 0.461
 17.62 0.463
 17.70 0.466
 17.85 0.469
 18.20 0.472
 18.71 0.457
 19.06 0.44
 19.21 0.436
 19.39 0.424
 19.73 0.401
 20.10 0.37
 20.13 0.368
 20.36 0.35
 20.69 0.324
 20.77 0.316
 20.86 0.31
 21.03 0.295
 21.28 0.274
 21.59 0.25
 22.04 0.216
 22.37 0.192
 22.97 0.151
 23.55 0.114
 23.80 0.098
 24.44 0.061
 24.73 0.042
 24.93 0.037
 25.26 0.025
 25.45 0.024
 25.55 0.022
 25.56 0.022
 25.63 0.023
 25.83 0.024
 26.29 0.06
 27.22 0.147
 27.49 0.173
 28.06 0.224
 28.33 0.255
 28.72 0.297
 29.05 0.329
 29.13 0.339
 29.64 0.386
 30.05 0.42
 30.19 0.439
 30.32 0.45
 30.42 0.458
 30.67 0.478
 30.87 0.502
 30.99 0.512
 31.18 0.53
 31.60 0.568
 31.71 0.582
 31.72 0.582
 31.97 0.61
 32.37 0.651
 32.66 0.684
 32.98 0.718
 33.31 0.75
 33.51 0.773
 33.61 0.779
 33.66 0.789
 33.94 0.817
 34.41 0.863
 35.02 0.916
 35.34 0.937
 35.54 0.945
 35.57 0.941
 35.72 0.945
 35.99 0.951
 36.24 0.956
 36.60 0.96
 36.91 0.96
 37.05 0.954
 37.09 0.951
 37.19 0.951
 37.43 0.941
 37.98 0.92
 39.08 0.861
 39.54 0.831
 39.99 0.792
 40.07 0.786
 40.06 0.785
 40.12 0.78
 40.21 0.77
 40.37 0.755
 40.49 0.744
 40.59 0.733
 40.69 0.724
 40.93 0.699
 41.02 0.689
 41.30 0.658
 41.56 0.631
 42.08 0.579
 42.33 0.559
 42.60 0.536
 42.95 0.516
 42.96 0.519
 42.99 0.518
 43.19 0.515
 43.29 0.512
 43.46 0.514
 43.72 0.505
 44.36 0.485
 45.06 0.49
 45.43 0.497
 45.76 0.508
 45.90 0.514
 46.22 0.523
 46.55 0.537
 46.96 0.556
 47.24 0.573
 47.29 0.578
 47.31 0.584
 47.64 0.602
 48.55 0.66
 48.89 0.69
 49.24 0.722
 49.44 0.743
 49.44 0.748
 49.53 0.76
 50.05 0.811
 50.73 0.882
 50.93 0.909
 51.13 0.931
 51.36 0.959
 52.20 1.044
 52.96 1.113
 53.20 1.137
 53.48 1.162
 53.76 1.179
 54.05 1.203
 54.57 1.23
 54.91 1.246
 55.10 1.255
 55.10 1.257
 55.15 1.259
 55.64 1.277
 56.43 1.296
 56.70 1.3
 56.81 1.3
 56.88 1.303
 56.89 1.301
 57.01 1.302
 57.13 1.303
 57.29 1.301
 57.46 1.299
 57.80 1.297
 58.23 1.287
 58.79 1.276
 59.26 1.272
 59.56 1.274
 59.82 1.268
 59.92 1.267
 60.12 1.259
 60.26 1.256
 60.43 1.25
 60.49 1.249
 60.75 1.243
 61.53 1.233
 62.06 1.222
 63.17 1.197
 63.50 1.198
 63.85 1.192
 63.86 1.194
 64.02 1.199
 64.10 1.199
 64.18 1.2
 64.40 1.201
 64.72 1.202
 65.58 1.206
 65.74 1.211
 66.01 1.214
 66.00 1.22
 66.09 1.224
 66.53 1.233
 67.06 1.25
 67.39 1.263
 67.52 1.274
 67.63 1.281
 68.31 1.312
 69.06 1.351
 69.68 1.384
 70.10 1.412
 70.11 1.415
 70.40 1.436
 70.95 1.468
 71.29 1.494
 71.39 1.505
 71.49 1.513
 72.01 1.547
 72.97 1.607
 73.46 1.639
 73.67 1.651
 73.67 1.655
 73.98 1.675
 74.73 1.716
 75.13 1.739
 75.26 1.748
 75.78 1.78
 76.87 1.829
 77.23 1.845
 77.32 1.855
 77.38 1.859
 77.56 1.871
 77.72 1.881
 77.78 1.886
 77.97 1.895
 78.34 1.91
 79.25 1.948
 79.70 1.965
 79.85 1.978
 79.85 1.977
 80.05 1.986
 80.33 2.0
 80.52 2.005
 80.65 2.013
 81.12 2.027
 82.17 2.065
 82.97 2.095
 83.47 2.117
 83.63 2.125
 84.04 2.141
 84.21 2.156
 84.27 2.16
 84.48 2.175
 84.98 2.199
 85.68 2.234
 86.14 2.261
 86.62 2.289
 87.24 2.329
 87.72 2.358
 88.01 2.382
 88.14 2.395
 88.16 2.404
 88.35 2.42
 88.98 2.463
 88.97 2.471
 88.96 2.472
 88.96 2.479
 88.95 2.483
 88.95 2.487
 88.94 2.493
 88.94 2.495
 88.93 2.498
 88.93 2.502
 88.93 2.506
 88.93 2.507
 88.93 2.51
 88.93 2.514
 88.93 2.516
 88.93 2.519
 88.93 2.522
 88.93 2.525
 88.92 2.526
 88.93 2.529
 88.92 2.528
 88.92 2.535
 88.92 2.536
 88.93 2.535
 88.92 2.54
 88.92 2.54
 88.93 2.543
 88.92 2.547
 88.92 2.549
 88.92 2.548
 88.92 2.552
 88.94 2.552
 88.93 2.553
 88.93 2.558
 88.93 2.557
 88.93 2.56
 88.93 2.559
 88.92 2.561
 88.94 2.562
 88.93 2.566
 88.93 2.564
 88.93 2.57
 88.93 2.566
 88.93 2.572
 88.93 2.569
 88.93 2.569
 88.93 2.567
 88.93 2.571
 88.93 2.572
 88.93 2.573
 88.93 2.571
 88.93 2.571
 88.93 2.574
 88.93 2.571
 88.92 2.571
 88.93 2.572
 88.93 2.573
 88.93 2.574
 88.92 2.577
 88.93 2.574
 88.92 2.572
 88.92 2.576
 88.93 2.572
 88.93 2.574
 88.92 2.573
 88.92 2.571
 88.92 2.571
 88.92 2.574
 88.92 2.571
 88.92 2.572
 88.92 2.571
 88.92 2.573
 88.92 2.571
 88.92 2.572
 88.92 2.571
 88.91 2.569
 88.92 2.572
 88.92 2.57
 88.91 2.57
 88.92 2.571
 88.92 2.568
 88.91 2.574
 88.91 2.57
 88.90 2.567
 88.91 2.565
 88.91 2.566
 88.91 2.568
 88.91 2.564
 88.92 2.561
 88.92 2.564
 88.90 2.563
 88.91 2.563
 88.91 2.56
 88.92 2.561
 88.91 2.561
 88.91 2.556
 88.91 2.557
 88.91 2.558
 88.91 2.558
 88.91 2.557
 88.91 2.555
 88.89 2.553
