 1.24 0.159
 1.40 0.19
 1.56 0.223
 1.70 0.245
 1.87 0.244
 1.96 0.219
 2.11 0.167
 2.25 0.148
 2.40 0.141
 2.56 0.145
 2.63 0.153
 2.82 0.16
 2.97 0.171
 3.11 0.189
 3.25 0.206
 3.40 0.222
 3.54 0.245
 3.67 0.294
 3.80 0.317
 3.95 0.345
 4.10 0.38
 4.24 0.414
 4.38 0.457
 4.50 0.499
 4.67 0.543
 4.82 0.594
 4.96 0.626
 5.05 0.704
 5.20 0.763
 5.35 0.793
 5.49 0.858
 5.62 0.943
 5.79 1.023
 5.94 1.105
 6.10 1.198
 6.19 1.269
 6.34 1.328
 6.48 1.339
 6.63 1.276
 6.73 1.138
 6.89 1.0
 7.03 0.849
 7.18 0.75
 7.32 0.684
 7.46 0.646
 7.60 0.629
 7.74 0.642
 7.88 0.657
 8.03 0.684
 8.16 0.715
 8.32 0.752
 8.45 0.793
 8.60 0.828
 8.68 0.887
 8.87 0.957
 9.01 1.04
 9.16 1.125
 9.29 1.229
 9.40 1.339
 9.58 1.452
 9.70 1.63
 9.85 1.708
 9.98 1.858
 10.13 2.048
 10.26 2.21
 10.42 2.388
 10.51 2.585
 10.67 2.784
 10.81 2.976
 10.97 3.165
 11.08 3.315
 11.24 3.371
 11.34 3.275
 11.56 3.018
 11.65 2.63
 11.79 2.177
 11.94 1.822
 12.09 1.56
 12.24 1.377
 12.36 1.249
 12.48 1.171
 12.65 1.137
 12.76 1.137
 12.91 1.163
 13.04 1.212
 13.22 1.284
 13.32 1.409
 13.46 1.513
 13.63 1.64
 13.73 1.774
 13.87 1.931
 14.03 3.056
 14.16 3.145
 14.30 2.469
 14.45 2.673
 14.56 2.885
 14.71 3.1
 14.83 3.348
 15.00 3.569
 15.07 3.836
 15.27 4.114
 15.40 4.421
 15.55 4.747
 15.68 5.055
 15.82 5.345
 15.98 5.558
 16.13 5.625
 16.25 5.495
 16.39 5.13
 16.52 4.654
 16.65 4.08
 16.78 3.592
 16.93 3.149
 17.10 2.734
 17.24 2.406
 17.34 2.141
 17.47 1.988
 17.63 1.901
 17.80 1.878
 17.91 1.888
 18.06 1.938
 18.16 1.997
 18.32 2.117
 18.41 2.28
 18.61 2.443
 18.77 2.643
 18.89 2.866
 19.01 3.11
 19.15 3.378
 19.30 3.657
 19.43 3.978
 19.56 4.305
 19.68 4.777
 19.86 5.092
 19.98 5.49
 20.11 5.91
 20.26 6.343
 20.41 6.799
 20.53 7.246
 20.65 7.673
 20.82 8.01
 20.97 8.21
 21.10 8.193
 21.23 7.935
 21.37 7.484
 21.49 6.899
 21.63 6.34
 21.78 5.754
 21.90 5.167
 22.05 4.567
 22.16 4.051
 22.35 3.648
 22.43 3.353
 22.62 3.126
 22.71 2.975
 22.93 2.897
 23.03 2.953
 23.15 3.018
 23.31 3.116
 23.44 3.269
 23.58 3.464
 23.69 3.708
 23.87 3.978
 24.00 4.274
 24.13 4.614
 24.28 4.976
 24.40 5.379
