 0.86 0.139
 0.98 0.169
 1.15 0.204
 1.26 0.229
 1.41 0.26
 1.55 0.279
 1.71 0.297
 1.84 0.294
 1.96 0.255
 2.11 0.239
 2.25 0.245
 2.39 0.229
 2.54 0.22
 2.67 0.227
 2.81 0.23
 2.96 0.233
 3.10 0.257
 3.22 0.271
 3.37 0.286
 3.52 0.305
 3.62 0.324
 3.79 0.346
 3.93 0.384
 4.08 0.413
 4.21 0.443
 4.35 0.475
 4.47 0.507
 4.59 0.553
 4.77 0.586
 4.91 0.626
 5.05 0.681
 5.17 0.707
 5.35 0.765
 5.48 0.827
 5.57 0.89
 5.74 0.959
 5.88 0.941
 6.01 1.097
 6.15 1.179
 6.33 1.24
 6.44 1.259
 6.58 1.226
 6.74 1.126
 6.87 0.996
 6.97 0.848
 7.14 0.773
 7.27 0.706
 7.41 0.673
 7.56 0.661
 7.72 0.661
 7.85 0.671
 7.95 0.696
 8.12 0.724
 8.25 0.752
 8.39 0.768
 8.54 0.818
 8.68 0.878
 8.82 0.936
 8.91 1.008
 9.09 1.085
 9.24 1.162
 9.40 1.261
 9.52 1.359
 9.64 1.462
 9.82 1.587
 9.92 1.708
 10.05 1.836
 10.17 1.991
 10.35 2.166
 10.47 2.327
 10.58 2.506
 10.77 2.679
 10.91 2.848
 11.03 2.999
 11.17 3.082
 11.34 3.066
 11.46 2.896
 11.59 2.587
 11.73 2.199
 11.87 1.86
 11.97 1.606
 12.15 1.42
 12.31 1.295
 12.44 1.21
 12.56 1.168
 12.69 1.167
 12.84 1.18
 12.98 1.22
 13.11 1.271
 13.25 1.352
 13.39 1.435
 13.52 1.551
 13.68 1.692
 13.82 1.828
 13.96 1.969
 14.08 2.125
 14.24 2.297
 14.36 2.476
 14.48 2.685
 14.66 2.895
 14.77 3.122
 14.93 3.337
 15.06 3.587
 15.18 3.867
 15.34 4.153
 15.47 4.451
 15.59 4.753
 15.74 5.041
 15.86 5.299
 16.04 5.448
 16.15 5.433
 16.29 5.213
 16.44 4.792
 16.59 4.264
 16.73 3.736
 16.87 3.311
 16.97 2.92
 17.12 2.58
 17.26 2.299
 17.42 2.099
 17.54 1.985
 17.69 1.935
 17.83 1.915
 17.95 1.959
 18.12 2.001
 18.25 2.103
 18.37 2.224
 18.53 2.392
 18.66 2.57
 18.80 2.761
 18.95 2.994
 19.07 3.237
 19.25 3.497
 19.37 3.772
 19.47 4.082
 19.62 4.397
 19.78 4.741
 19.90 5.096
 20.07 5.522
 20.18 5.917
 20.32 6.336
 20.45 6.755
 20.57 7.169
 20.76 7.541
 20.88 7.809
 21.01 7.914
 21.15 7.804
 21.30 7.439
 21.43 6.981
 21.53 6.453
 21.70 5.909
 21.84 5.361
 21.97 4.793
 22.12 4.262
 22.27 3.823
 22.39 3.489
 22.54 3.247
 22.67 3.061
 22.80 2.947
 22.96 2.917
 23.07 2.955
 23.22 3.069
 23.39 3.185
 23.49 3.337
 23.65 3.547
 23.78 3.788
 23.89 4.049
 24.04 4.344
 24.18 4.67
 24.31 5.015
